8030,3578411,2441,9731,5959
3860,5402496,9314,193,372
5686,4365731,2720,5088,7182
2533,957030,9808,9533,3339
3375,4392923,8627,9646,3359
5373,3887715,8302,5287,7397
7979,4725788,7374,318,5856
9206,9435252,4048,2704,4040
4573,6793882,9330,203,8415
2087,5651835,4831,1627,4809
9694,2962805,5176,1938,2053
6748,2328577,3269,8288,3126
237,2037204,789,4685,824
2551,5788756,4034,1564,922
4713,9229058,3998,9001,9171
6457,4374906,1022,3172,3526
1917,1041949,5438,7631,4618
1148,8637839,3797,3246,8006
3499,6784588,3778,7470,9870
5287,8676810,6220,7139,6127
264,8934062,5497,1342,9099
1402,7337603,6799,3616,5288
1240,9319979,9383,9371,8148
4909,942840,9474,9534,3185
2036,9937541,6438,4547,9791
7014,3194046,2304,8992,4345
5657,5320532,4721,3515,8554
4510,5875440,7037,9258,5508
3122,7606699,598,4701,9282
9831,4797154,5605,8104,3419
3154,649355,9400,5352,1212
971,1400385,6059,5317,5058
9038,7594412,5814,3775,3140
1157,4377531,2838,2453,4923
5260,5001342,5764,3472,6456
9868,5188677,473,3449,1246
9125,1762865,2046,5724,6997
8926,6933376,7707,8280,6506
165,9575104,9909,1062,5309
2291,5118120,9079,1724,547
8852,4459101,3584,7157,1361
2945,1766835,5707,1934,6954
9147,8776074,3518,4731,4124
2978,7256504,2620,1182,4662
3020,2440924,5114,3913,7802
4523,4032545,4540,576,7329
1572,3706943,5452,6790,7480
3824,2221034,5166,9389,9181
4972,4997810,7909,3447,5602
4854,3189894,5415,8547,2600
5992,286275,8973,5660,5997
3175,8151519,8769,5667,8770
5275,450868,2437,372,8728
8745,5934693,3638,9223,5079
847,4215773,2,6163,2444
2555,9490598,7233,1510,3801
9864,8071879,53,8875,7405
3905,2411964,9771,9510,9021
6396,1279706,2961,1014,4262
3959,9983398,7033,8479,7859
7558,5660633,3321,1160,8892
8839,2894717,1175,6182,4979
1722,5113244,9153,7270,1800
9818,4553833,1073,1269,5117
1983,1321254,3059,4778,321
5091,8248794,8461,8517,8160
5894,4345588,4927,278,5507
5992,7545921,7072,4246,6524
2477,8022240,4810,3063,8581
7154,6234452,709,7340,5823
3591,9119386,3069,2416,2865
4624,9679338,1209,5324,1880
251,8144913,6274,7415,1624
6955,4751046,6308,7546,9379
8063,5157883,430,5718,9529
7365,4473604,2495,60,2987
7462,6898647,3459,8489,9608
406,2998557,1235,2037,269
2984,6164762,8510,5014,5813
4907,6538022,9500,4751,9845
9124,4936887,2475,3137,4532
7705,9713092,7715,3355,3054
2914,5356221,1717,1642,2250
8343,932596,4855,5118,4206
9052,221708,9434,3018,6918
1337,2367403,4567,8935,8707
5856,5097864,1456,5917,9827
8001,4918369,1737,8417,6457
6444,8336898,3992,8305,8672
9776,8921589,8339,1616,9574
7703,5446405,4510,9556,6914
9370,8890104,1584,40,3575
4674,5190410,3576,321,9538
5701,1743214,2460,494,5056
1756,3524432,156,3333,436
7109,3340049,9049,7470,48
622,8657680,9506,6073,8556
5410,8885803,8736,9692,4777
7793,7979129,2438,8361,90
6000,5714716,2855,3386,8630
7515,3861161,8214,775,3632
8147,2060836,4992,3206,1639
7915,3561311,4190,1524,2290
2769,2215658,3687,64,9555
751,8795396,3587,4464,1732
3764,8207083,8133,9432,3310
1564,494124,8185,3003,2550
386,9460255,1520,563,316
1991,2870963,4342,355,9550
7938,6175826,1657,8331,7292
6753,9429917,9832,6754,7842
6390,8690888,321,5832,2864
8195,8342156,6933,131,3473
9184,2581957,7089,3568,5619
10,4418092,6072,6807,9594
5592,3878294,2397,427,5551
534,3831468,2259,9753,891
525,5821092,6974,2131,6992
3184,7721805,9809,3984,8596
700,8274207,6853,9703,458
1802,5208694,3731,5904,1488
1948,3518613,4795,9283,6688
5508,9442170,646,2493,4655
9775,2808967,1419,3102,5023
4385,9691901,1720,346,8295
7146,7650880,4397,7487,9789
4122,6644668,568,161,400
5087,8451504,2684,4679,426
2794,2164627,4321,5908,8272
2757,9959801,9101,5567,5893
9360,499056,5129,2433,2077
6581,6927864,9627,2189,3124
3667,2983254,4968,4828,7657
7749,5991240,4369,3895,4764
6170,7474054,5266,4822,4846
7973,4793501,8367,9382,845
9893,5773766,6967,7540,1635
6213,288043,7766,4361,6207
4630,9266902,1091,2956,2115
2985,5479438,1881,791,4158
820,6858760,8074,3356,9947
995,4753539,1074,197,6636
1990,8907556,2097,3584,7626
41,2139612,4207,1408,9740
604,8816849,7490,5037,3837
5471,5489434,78,9203,3881
5370,7601967,5520,9013,5233
7784,97789,8880,971,1977
5643,4568862,6622,6161,7707
2857,7567806,6169,7969,3296
9456,7760509,6492,4944,919
3535,2095574,6691,8539,558
9271,657080,5890,5030,1609
9646,8359478,8956,498,4166
174,8012301,6779,4073,8932
8240,3172917,8692,961,9733
3408,8333047,8440,1910,7664
3300,2251682,3598,2968,6154
115,7215621,8874,9762,9126
1922,9989523,3944,5433,8034
2363,8957414,9787,1749,4577
1825,270297,4543,3143,4718
8000,4384289,6626,2591,7560
2527,349166,6809,437,2126
484,9395200,9619,1366,863
1366,4177719,5951,3251,6499
2906,8918529,3224,4044,215
1540,1998589,797,4049,9194
3247,5400163,2766,1248,4157
5397,469897,9086,9577,4868
1818,8124526,7855,7923,8143
5311,8959739,6006,3430,3529
5266,3033146,2392,8790,6126
3204,9045845,9948,1481,8236
3903,5365183,9563,5675,892
8902,2562109,7774,6143,8596
4522,7557499,2027,638,541
267,6032592,5275,4920,1984
922,2243320,9987,1442,9744
4076,9720549,7848,1854,3310
8064,4255663,5936,2460,5764
990,1726343,7683,886,2573
1686,8181998,4646,8660,1445
4663,2027049,3516,9746,1813
6227,3567725,2629,6971,9152
6295,9949690,3766,1526,2654
6700,7620382,3414,2191,6690
1019,914502,464,5099,5895
4416,4345591,2070,5236,2780
272,9818483,7018,8220,4497
857,9631736,2653,8999,4403
7812,955635,4753,7169,6242
9068,8484759,7291,1101,4783
2101,3006218,9268,2718,8790
5837,1775323,3814,8307,5377
3829,8975888,2069,3324,3180
3228,3864956,5843,4477,2266
8466,596625,1493,7462,6906
7037,8819147,1932,8843,2095
9462,4265699,9010,43,3330
2462,5821510,821,3042,5264
1681,2823587,2769,8873,2386
846,6341041,4756,1331,6226
3645,4665941,7057,9985,7092
9462,9148324,5737,1568,8056
362,1173466,2848,1563,8081
9681,44665,9510,8965,4626
52,5780879,7214,8827,5860
3350,6541782,7482,7326,2594
3068,3947308,8472,2330,1210
8523,1012677,9583,9584,7504
7850,4737927,629,1876,5632
2458,5121681,6999,177,6377
9947,2626390,522,6862,2411
2626,3222189,4918,1840,5444
3683,964196,8998,5954,2817
5992,3237329,5214,4825,3154
879,750974,2270,2339,8047
9219,2162947,3425,6594,2834
9637,4655008,7130,3195,3117
5648,4324885,335,3441,860
5322,4846929,794,2163,4389
7402,616267,379,1605,1719
8166,2197030,9834,6128,9948
1623,3901483,5731,5764,5009
135,6531122,6114,2487,699
5840,2184091,4385,6382,998
6267,8396845,850,1190,946
1692,394620,5903,8853,3723
1194,2395191,5315,7671,3498
2715,6173960,4634,7788,9938
4630,8848846,7810,6302,4693
1297,2807433,9943,6580,9388
7705,3081720,2754,977,9258
3921,3563732,679,8995,2928
9645,1932618,5542,2350,9051
6402,5901146,7437,9116,1189
1077,4916966,8894,2586,5659
7699,6327814,4467,5830,485
9032,2865958,3118,9749,8442
6895,7101246,4869,6151,1907
6998,6950382,542,5874,6016
455,8288772,979,2727,79
4751,9011311,8129,3495,2869
8535,6617286,7490,8941,7479
5804,3129036,3819,7739,5583
1781,9300133,1631,8097,1005
8027,724482,2193,5709,8176
2238,8626332,6843,3980,8780
9481,8694520,5818,2995,6843
6320,5059137,7647,3835,7964
1272,761423,44,7968,7081
2492,6396286,7252,4773,4163
3306,6981272,602,7619,1826
811,9298976,9427,3243,9763
7099,6134936,6368,3531,7051
6889,401915,1103,5726,413
1905,342500,2832,8123,352
1972,9782280,5804,8713,380
4369,4293416,8413,3533,6842
7315,8378835,1635,2564,3010
435,3166189,6124,4651,2678
5542,9486873,4515,4119,5721
6135,8877956,3930,722,9886
2258,2161311,2176,2530,6927
2838,7670360,5867,9247,4588
8738,8120561,3617,3442,2737
472,8726055,5595,8073,1004
884,6292812,6921,2623,4416
3899,5306470,1358,126,9831
9059,7972980,35,9145,4925
8065,1932882,7651,5989,4596
8030,6422720,249,9258,3398
656,2006253,2812,491,5561
1584,5796315,8018,857,3778
7797,1846213,8204,3895,9998
8101,3736773,3183,5292,1092
7083,5773622,7636,8629,6978
9413,4557336,6179,9371,8873
5655,1425452,7497,704,7485
4880,5425026,9014,2183,5019
8737,2468335,4039,5601,3457
8538,3331837,8372,9616,7973
8572,2225732,8941,9294,6703
1478,7814026,9226,9808,7532
634,7089188,615,3752,8246
315,4322610,3964,5547,3704
3049,5448390,6582,5978,1550
478,7873180,5208,7029,3153
4239,4237927,7916,198,1425
8242,340819,851,8354,9544
4832,422754,171,1529,7513
5989,2164461,7544,9532,8461
8949,4301631,3028,8024,1867
9422,1799336,1219,3816,1232
9040,6688668,5442,2894,9641
6265,4963846,2647,5549,7374
6682,355088,3027,4473,8663
8918,3125803,9970,7674,7842
8563,661006,34,3183,4042
4449,2004253,9143,3226,6697
6368,1192703,7351,610,409
5733,454749,2739,1510,7704
4030,85024,6436,9310,9012
818,7693644,8845,8252,844
3011,6440006,3897,8323,4402
6542,135418,2859,87,4106
3231,2222678,786,7539,6657
6156,7596492,3924,4081,8463
961,7634878,5070,5694,5387
9140,5502435,5773,9016,7883
1442,7833274,1615,5912,9251
9928,2772622,8721,4833,8638
2186,4833154,2146,7121,9979
149,5413274,6827,1382,9241
6638,2565633,6362,7570,7427
1485,492748,4705,5753,4900
1936,5484578,9664,9197,4496
9221,6086312,4243,3882,8631
9754,6813121,7766,8141,819
274,6003515,1642,7112,9121
5070,6501272,8732,1521,1297
9729,9456946,7258,1327,4711
6089,5230515,3658,2772,9324
9165,7474331,493,5732,3682
797,2350969,6550,1378,5186
9672,6251380,781,3925,8778
9201,1022844,262,2805,5887
1208,1855770,7342,2512,2581
1369,129844,3503,3505,3309
9241,1322557,8100,2987,4980
8677,5452788,6158,9517,3989
9206,6713198,4087,195,6399
7116,5745526,863,704,3689
3890,8283254,4445,5329,8064
1682,3095653,1921,9795,986
7100,6636125,7043,4024,1362
3517,5234401,2745,7730,5348
85,8439022,7130,1605,388
9754,5839283,3981,8588,8872
4942,2651674,2973,3718,8729
238,9160329,6695,6043,6199
4557,1430645,6751,3342,3182
4294,8203928,5832,1627,656
4306,3670113,806,8049,2045
3270,1258003,2433,6969,4018
4832,9766976,5035,135,8956
3405,3189003,4806,7832,6838
1837,8175762,7658,5828,5660
2986,4698874,2682,9472,3638
8711,7885039,2337,2585,6007
5058,2338288,8980,6144,5165
6036,7357801,7035,6394,2967
9963,5519695,4886,3257,6593
5791,5197013,8839,5380,6841
7382,8354142,221,6275,8925
1806,6089591,7180,1729,5556
373,1168119,8876,841,728
675,850916,7387,5186,4577
7622,8840760,9950,4048,9537
6964,2854403,7565,2526,8647
1384,8910005,2473,4147,602
5003,6401634,6898,238,1219
8287,1975091,4380,2116,6754
1168,6683352,6,7418,7313
7214,420293,6442,3099,7517
4145,9789648,4313,5812,947
1410,7846536,9120,7184,312
7514,225532,9888,3709,8723
2990,6876205,1728,9915,2807
3915,1576675,2972,3835,9972
7455,723059,3204,7997,2343
5277,5894194,7082,8949,8486
9721,4439885,2618,7152,9472
810,6566190,2324,6897,8305
708,2287666,3227,6350,2018
4990,8224091,3243,3055,6533
445,34732,7940,8592,217
7605,8789362,3890,2210,4279
4688,4982699,7970,4785,6209
4320,2633678,2630,2928,634
609,585800,9795,5379,7634
2040,2608424,8657,1677,4462
3878,4708477,8209,2818,5231
9250,2857841,5203,8987,9947
5387,253557,9389,7614,1209
2125,8036990,2227,7198,484
5647,2192305,184,3390,3632
8383,8272392,2680,5235,9132
2079,6647496,4806,608,4036
2732,4572870,723,3740,9146
6633,6467753,6445,237,3026
497,712473,3853,9362,3640
8599,9415700,6373,2812,2431
6975,2400399,6912,5161,7031
3711,906113,9965,2061,4891
1469,1637237,125,1919,5265
7609,7468467,4098,2756,7303
6489,7665475,6858,3557,1555
5309,9964225,5982,3906,8158
8146,6960838,9267,3117,9294
9450,1532784,8925,1920,2920
7232,8000036,3120,9794,4812
1791,9057706,2969,9686,3934
1631,768592,557,1563,6282
9331,9030038,4579,5596,4907
5586,1996846,8737,2636,5403
2432,1744148,536,157,6196
9211,2432859,5336,7076,3355
5869,7759167,8206,3353,4420
3684,3554661,2050,7898,7152
517,4127460,9806,6639,2468
3296,1105788,8080,6748,9986
6684,6071875,8927,327,7242
6960,2230570,1293,7513,5064
2624,9813206,5184,3455,6270
8941,4575793,2146,4215,2993
4648,2786524,9781,57,3480
4036,7895060,9144,6948,8795
3714,5429557,9167,3791,8519
1469,7120059,2051,1968,3164
2120,7021907,6453,3754,7356
5379,435490,8850,8933,1686
378,7891951,2571,4535,9563
9665,9394317,3533,2589,548
3176,6096707,9530,6125,9630
9201,5040985,4497,6001,2291
7359,6093813,4909,3406,9783
3187,9785783,2598,5450,6838
5257,581404,9520,5934,433
6258,1612719,8084,7583,119
3371,3052727,500,699,3937
4923,1484738,6633,211,6590
4935,1318636,2219,3618,598
6334,8750267,9578,8720,510
4480,4945878,5314,9039,6426
8540,2991004,3305,7598,2932
560,3972658,8141,19,6848
6257,8415367,859,1429,4266
3541,6531256,3442,1500,9633
9657,9819370,9870,1246,5666
8420,5822245,6796,511,8468
3328,5384771,2614,3218,751
4799,5400912,7461,6573,2994
3141,948737,7487,6248,4777
9413,670304,3711,7917,4862
7799,656172,293,5036,1408
5685,4314443,3751,2581,5651
4214,2901260,4071,2359,3293
5557,4360182,4743,2838,4147
6143,1911522,6073,5143,9462
7980,5478574,9197,6419,960
4696,7208531,5278,127,4002
5261,4723451,2700,4360,8438
2933,3072221,9188,6244,2137
6356,9475762,5554,7882,972
2016,1027228,1062,3747,536
6419,1567207,7753,4293,4232
593,5221390,7647,4532,8281
5350,2317481,1218,2816,5590
7294,4167072,614,537,3736
4458,4338876,5165,1505,176
6471,6147088,2188,6995,4582
2191,4909061,9109,9175,5441
9006,4033585,976,7511,48
7182,7845180,3038,2639,6968
3891,3664326,98,1976,4626
5930,2009446,5632,394,5563
8618,2137852,4255,9423,176
9979,5743086,8725,3793,8196
6151,313590,4497,3083,3483
8992,1266011,2830,2957,5517
6563,9413605,7008,3201,9443
5804,1983791,8228,5710,2944
8120,7600910,2349,2545,8706
5860,2324382,6476,4520,5680
3214,1861355,6920,8350,6975
6500,8090061,3659,9065,9662
4516,9016755,2198,6393,4560
5027,8022537,4616,5229,8088
1255,9719417,7898,7496,1506
7118,2265606,6070,1112,2748
8061,3306841,177,7587,9956
4695,8905449,8905,4424,38
4861,1308065,6485,8309,5209
1614,431522,3011,2697,5687
2365,4053700,7958,3303,6020
2714,5364676,5666,7428,1246
3024,2959039,9371,1671,745
456,2121536,3160,946,989
423,4642931,7461,397,9195
6205,2049083,5327,9748,6238
8915,9817036,2097,9721,5446
456,1550866,2857,2000,5798
3142,1575581,6132,9523,6867
611,7201925,5591,474,7982
7527,2788932,5318,8730,7428
8610,833913,5637,660,6306
6541,8217573,7852,9005,4096
1938,2044608,4457,6798,2375
6664,7722005,4584,9706,2788
5140,8442717,3028,2374,9526
4915,7042264,821,4159,6213
3527,68274,610,8937,5836
1783,613028,9642,8075,5815
6302,1347639,8584,5486,7447
3406,8184505,3984,7921,51
9567,9235957,9118,8969,2114
8732,6647182,6493,1946,2775
8644,2726743,6798,9555,8270
8407,6081226,8936,1280,6320
1202,4185249,1658,1636,9531
8096,1045627,9692,2232,8428
6329,78918,7933,3721,7666
994,3469632,5729,8139,5897
1658,2646600,3043,3253,7790
9993,1791901,9056,7496,5555
8834,4357832,5920,3113,1941
220,8384284,2217,3812,9810
9007,3199798,2233,2828,8623
7358,7341694,3522,1660,303
5396,297269,2727,4724,2977
5463,8749671,836,4637,3329
722,24908,1792,4834,4255
6895,6445792,8045,7715,5104
8,2437922,4606,9943,6069
7706,8510288,6772,5965,9716
8926,7966942,1054,1534,1699
3741,5557354,5193,120,6250
7966,8387827,5498,6468,1880
1216,9522095,1327,1552,2439
123,3222043,7130,2554,3789
143,6529411,9769,4910,4450
1037,563254,8341,8996,7100
952,4870594,5061,2763,9899
4795,7247141,5750,285,6773
5377,7615444,7682,7467,1938
4016,5571546,2131,9969,6573
2297,7493653,9212,1042,1077
3296,2760927,8667,5833,2854
1596,4765031,5554,4509,2643
1723,140414,2389,8242,921
1253,2874047,6897,7110,4847
2414,1504994,6594,5218,5933
9400,3893287,9283,997,2487
8352,7513784,8839,8627,1107
2469,1614105,9124,2164,8853
7556,5429790,2014,5614,6538
7641,2265726,1409,6022,6765
724,7844111,7673,4139,9788
3559,2867323,3854,2578,6707
599,297226,5709,9296,6074
911,3430168,2292,5999,4369
798,3397563,2151,9505,4022
9991,5446404,7591,8155,5912
6989,7254629,3841,3424,6562
5509,2012693,493,4519,6010
636,113014,4168,5749,7970
6523,9857506,6902,5819,4235
4356,7442602,967,3027,3678
753,570455,2066,9998,3569
4150,749311,45,7242,9930
1905,7944342,4596,1633,8813
9503,4110010,4310,4745,8419
2547,4406566,3173,3921,3473
1917,6923624,5341,3286,1291
4209,9334744,5322,2428,7046
4773,6823561,5999,1344,5399
3887,1187629,4439,9783,503
2022,635350,6295,9566,7152
7228,3681089,9075,3930,9839
9523,6851241,1355,6084,4100
1806,6478007,4182,6207,3272
3832,9353527,9933,9463,7501
8921,1268723,9657,6201,5705
3550,5830770,9070,9682,2427
6733,6340146,7356,463,5487
5552,2410556,675,6833,9392
1976,5890854,6554,3347,6895
9883,553698,4593,1809,7697
6013,8091875,2774,4994,5247
4318,8040200,8119,8002,7218
9575,2420119,4845,1913,4152
2031,268103,4185,2050,1506
1262,6183073,6668,5921,4012
2621,4950555,5765,3128,8287
3222,4148265,7945,2606,7220
9264,2115263,5813,6102,4909
9716,6798466,9431,3878,8427
6717,9489804,3672,4686,1161
4899,9684764,9390,7365,8542
329,8341900,6094,9357,4778
8000,1613216,8487,9608,5773
8008,5643264,3908,8206,9
8628,5218181,4971,3060,9591
4944,2971672,2113,2504,350
1695,9783460,9170,391,8191
9927,2065887,5839,6450,7259
9962,9417132,870,5152,4
6492,7127993,3937,1915,7445
2749,9244507,5395,4884,7112
2559,6344257,4948,4594,9963
5098,874641,6371,4047,7328
3867,1584470,6556,406,4857
7679,1517390,8325,7215,1973
9273,7190051,2812,7777,6246
3358,7749556,9480,3925,8874
926,5046006,2027,953,2636
3069,7681911,1805,7885,1582
8172,1801362,3847,9039,8791
2245,836145,6787,4277,654
364,7437155,2680,41,2682
2871,6781213,2594,9960,9260
4702,1741581,1492,5148,3710
3524,5497747,2903,8430,1673
2451,4509738,492,9244,1532
6754,3698069,4605,9603,4798
6037,5414990,3874,2299,1186
3990,2814260,2470,7244,5307
1509,6540286,6967,7039,4599
1717,6391835,3034,8017,2252
5913,685869,2902,6392,6036
8879,695268,4788,8122,8301
443,2269081,9643,4069,573
3717,5963592,1031,8776,6757
2444,7368652,7944,2701,7636
9680,6498380,9869,5070,4197
3019,9103861,9830,2779,1207
9236,2577574,9749,7282,3668
747,3961822,5683,7480,9622
5628,1659608,6284,578,6863
4603,1727723,954,4500,4275
2952,4529862,1183,5769,3747
9373,5543793,7642,5707,6084
4018,3325378,7051,7273,1708
4830,1981489,1062,1347,3024
1835,1470803,2927,5501,1294
1915,7011935,1861,6578,1044
4283,1161621,9523,7626,9537
813,9027382,7043,6823,9013
2573,9314598,1607,9597,7277
5231,3599290,4036,5529,8822
5970,40697,5809,6916,3201
1204,1426803,5592,8139,5834
869,3985536,4738,3468,6668
4642,30500,437,3670,9758
5017,5826046,3140,3811,5768
8535,9736329,6812,2319,6258
7872,946158,5447,8945,5322
6067,5230041,7643,8585,1630
1675,160700,2256,8934,2879
3572,2242056,7558,1756,9468
4011,7846561,1780,904,3294
3590,2058116,5968,9180,31
9728,9253434,8199,905,5791
9540,3528038,523,9330,3728
2511,4007137,2176,8229,4264
6917,8682897,6577,1271,275
9368,1453796,2745,2237,9136
7333,2624056,8159,4902,3518
5014,9944513,5117,3060,7832
2467,7606701,1118,5930,3486
6370,905428,1589,2777,1737
5163,2380565,353,462,1333
7279,5395676,4115,7781,9046
3569,7077314,1073,457,4119
2982,3773979,4140,7904,6932
7147,9036321,7919,5334,5668
2489,6976682,5900,765,7345
6005,9983412,3618,1930,8611
8151,3364719,5919,4318,7529
8138,2344207,8529,5095,5636
4520,6694309,4076,9121,7692
5285,7185413,9855,8864,7910
3957,653342,8200,1932,9844
7427,1078885,379,5585,3202
3477,3710558,3088,9914,6179
541,5918867,3277,8558,2584
5339,8718038,6744,8010,3606
5764,1675602,8477,4288,3613
4780,521041,7816,175,7203
4215,8734749,4893,7212,1788
168,3844025,4417,3155,688
5240,1213112,1239,1603,4795
8803,7861013,5141,2182,6260
7123,6765293,7639,7261,449
30,3087396,9190,4507,1159
7021,9167218,7468,3261,5659
8942,2853352,636,5590,9776
2377,7126233,7258,5951,9888
7966,3891715,6440,4161,3125
3653,8429624,6477,9841,4974
8019,4626274,5991,12,1430
2433,7383345,1189,507,9827
4363,335591,7126,5428,9167
342,8143600,4955,2577,4522
9592,4976087,9734,2037,5891
5976,6968883,6712,5547,5232
7844,3121492,646,1625,2274
3559,9485672,5492,1113,4135
8477,8604573,7438,9929,279
538,9949199,9302,8265,5330
7553,8939867,3494,2175,7817
6718,1638116,4070,614,8904
6681,4945934,2549,9019,2945
3946,1067594,3201,5857,7345
6407,7016586,2384,5484,7095
1299,5092528,2970,8629,6310
6495,4510566,3618,3293,3613
154,5022058,27,4562,9160
2643,4379022,6459,9763,2516
3169,5540856,7982,8535,19
2292,6387329,5944,2634,3021
8615,4199932,3964,3571,5392
6863,2084536,6200,7874,7336
8108,5072718,3261,7711,5003
3600,4444445,7271,9264,447
9770,5718716,1356,470,7471
7498,8655909,9529,4264,6088
939,6991331,2419,2790,5015
2031,6871368,6189,6287,3358
1393,5628294,8276,732,9433
8083,622692,1079,7394,8426
360,6480606,1403,9059,5161
143,8667324,8456,2741,5200
5851,5002017,8459,5668,465
1760,4064443,1434,5821,7675
9450,1063471,7404,5591,894
4865,9236012,4604,5655,6602
558,8131752,3591,2807,4221
510,435180,3516,9012,9690
8960,9203754,9514,1663,246
9813,2262488,2036,7478,3898
6254,2113899,8988,6383,9206
733,4562069,2015,6300,1176
2909,770613,3922,3801,2753
3989,1495744,701,6837,1800
6297,8556839,7911,3134,8887
6636,3289316,6277,7798,9602
6876,6081932,831,6365,5125
9754,7978768,4976,935,779
620,6186677,6527,1467,7215
8988,4760428,7967,5701,6470
2664,2460838,501,7361,1570
3955,1569820,8614,5308,7988
4418,8876804,3277,9052,5351
5812,9989785,7835,1074,7965
3406,8561973,3867,2522,4345
547,4182342,9684,2954,9957
5821,3848163,8472,6027,9261
528,8618331,2210,7526,859
9782,5656836,1126,9963,1924
4063,1996223,5080,3090,7307
7163,3086516,7592,6649,1397
9588,5712161,1658,6343,9190
3243,186627,7106,1646,7387
6055,2443700,5214,8628,8335
911,7607140,277,5363,3243
2937,563346,1963,7687,8955
1214,6389600,5861,66,6095
2624,8223764,5901,7524,1400
6120,8482421,7318,1228,409
4577,9591186,1468,4719,6928
4373,6319181,2295,3714,5429
452,1687009,3803,8834,2231
9112,5570350,9409,4581,17
8460,1950499,236,3036,4076
2843,3940332,2979,7553,9221
5432,1322600,7319,722,7166
125,8672058,9943,3346,7947
4091,5843447,6934,5664,8682
8844,6706677,662,4064,1408
7147,2766893,203,992,566
6788,1160466,4874,6558,567
480,1532725,1818,5503,2741
3704,8566492,7193,2889,4271
8259,7757938,8576,1681,8463
3145,6079550,4595,3315,5416
8713,6093412,6446,9200,8890
9629,5613037,9473,7644,2947
4679,5215244,7521,6564,7624
5500,5659782,2959,8888,7819
3403,8547137,4461,3413,4565
5944,6146386,9561,3168,9209
6336,9172469,345,5757,6525
2419,1080017,6637,2456,6659
8276,7939058,6061,6060,1905
7790,6038351,1969,14,113
2579,8012194,2112,4059,8316
2641,751454,961,6329,4045
8914,4324042,8968,603,6252
1798,9107619,3419,2098,6483
5615,170290,9825,2658,5437
6162,4570247,2026,9037,3217
8701,7721447,159,4546,2384
120,5925908,5660,8655,7338
2842,8413595,7101,4720,7442
9507,816332,3444,815,40
4508,9160070,7891,3184,6844
6043,7670014,290,1570,2424
5803,4751794,8239,723,6998
2692,8078754,9648,2274,2133
3396,3170479,8460,2977,8612
2716,8931010,4040,3642,8480
8485,7916632,9974,5022,2495
9146,5600344,1699,6046,76
3287,8418774,9209,7146,274
6614,198262,6107,3460,3857
9496,4085689,9841,1973,5570
2255,2448933,9408,8364,7914
8031,7660971,8608,8430,6347
928,308656,5303,4864,5522
2235,9693359,3775,4102,8210
1320,5279004,2765,6711,3536
25,1114343,7993,6072,9372
7629,5879343,2855,9438,7717
6886,1821193,1796,7123,7493
3137,7613649,6585,8437,7743
9556,3860565,849,7556,4723
8230,9655745,5510,2321,2670
8696,9663506,429,1575,9561
7057,89702,9245,9871,4837
3773,4930862,6441,4559,6733
2431,1929983,1639,7368,6373
6990,5695571,1949,6888,6945
4981,4770878,2758,8929,4486
2548,2829589,5600,2212,5161
4450,2855224,1039,8269,47
7204,6403137,1109,385,9874
2024,9217725,4220,4233,5549
4853,536820,3781,5274,9074
2719,7123950,4577,2390,7911
6494,6921027,1264,4180,6393
5200,2163169,9923,8739,2802
3716,5391965,6450,4751,5892
5837,61482,8255,790,3628
1284,4556713,1263,5202,4525
9227,3492669,4968,2205,4693
5383,7834012,7990,1088,9642
8850,2553981,3941,2714,2710
9314,9052899,5204,3757,3253
2278,9307639,6734,4921,4874
9727,7876480,2469,924,8353
2967,8002013,28,9795,6693
6424,4882772,5924,360,3927
6156,5157657,6684,2968,1687
9123,4637319,1614,3512,2390
6481,3847887,5834,5828,7371
3427,3483176,6246,390,7339
544,1324060,6476,6041,6281
6986,1396581,3122,3179,2785
1092,2086695,6536,8992,7673
8126,8550444,8902,8155,5714
7622,8676495,6872,8121,6564
6840,7587137,1580,6922,2632
1881,1822448,6438,7904,6056
1777,3393731,7451,5507,3304
2140,7534988,4614,8129,1534
753,2990483,5668,7763,8570
2911,9060026,7066,6380,7899
1581,1741562,237,256,2084
1424,4329026,2221,1747,920
7004,9056569,4617,2314,5306
4240,659316,338,803,2883
2067,9206867,6200,4615,7423
3167,1100791,1533,2539,1824
3505,9231162,3857,165,9506
3143,3719809,6096,9149,3136
9670,7119544,7543,2659,3010
1206,3439652,1350,153,5134
1538,2574700,722,5674,3368
9350,8886582,6629,9032,6936
9718,6339502,9716,3592,4349
5502,408852,3483,9104,382
9075,5617175,9296,2155,4482
6419,3002355,4815,9011,3182
2691,362248,2338,7010,513
9555,8897850,5276,7905,3341
207,8422651,2196,7678,6918
7907,7448268,1643,1046,9891
6326,1269552,3395,985,5671
236,4253259,7295,2770,7948
1360,1086822,2058,9306,942
5385,5799890,7857,7665,544
2,6528028,5645,7636,847
5253,4132431,1427,593,1674
4381,7101001,669,7602,2335
4939,811851,8581,2084,1967
9396,2115679,5716,6371,8880
3327,8197222,4232,7180,6838
8428,3671838,405,9902,8149
6717,8977661,6580,4982,1237
3898,6729235,3216,2820,3098
9914,4024848,1051,4545,7942
6195,5175763,139,9824,5343
1318,562435,2224,2569,2859
3523,1669248,9929,5900,5812
331,6959844,7392,2471,5691
9148,2470949,5932,5449,3815
2383,6182507,6551,8755,8980
9721,6250173,7595,7953,2077
5445,9678316,183,752,8559
8854,389124,9142,4739,3624
2836,4331089,2388,4072,4453
1493,2381259,6912,793,9520
8675,363123,2934,6149,332
2971,5508689,1591,5762,597
3294,5791844,9901,781,8718
3046,9839908,5920,5600,9540
3131,6149627,8879,3832,3325
3139,9185447,2350,9676,7878
2983,3993497,3581,2710,5355
8872,5294090,5840,2723,2230
2948,2004002,7233,438,89
3329,4032262,7699,8266,4024
4322,2768654,9327,4815,4457
9122,2581671,6045,7032,2584
5733,7213592,2130,8043,1760
7134,5746387,9017,5793,6956
2231,6013161,4236,4539,9830
3284,901523,3032,4493,3191
4125,474721,6277,1684,510
8127,2049224,6403,781,9734
16,897127,9669,3338,8267
7225,2869770,3805,5352,9396
3778,9405610,4355,5605,6969
4087,678742,3566,493,1178
3882,2774135,6261,5975,6280
3507,1573391,5779,7706,434
1010,4609226,4673,568,6266
4319,8095181,4123,523,4725
286,7230480,5537,1649,2488
3769,9585521,1965,9841,5734
6107,8418823,5081,8600,6940
5842,9821746,3251,1478,1981
4337,3922221,1387,5540,3030
1386,4543748,8595,3058,9266
2147,5465544,8183,7771,1276
7186,6623548,1922,5670,2262
7975,7639649,7210,4286,585
4229,2619468,7933,3475,9260
9806,2392748,3450,3285,3444
9326,1441027,4099,6227,2460
4832,7888921,8016,1274,5829
3088,9914871,7965,9911,3966
939,4313796,965,7937,9930
1817,9844277,4613,5506,7381
387,5536909,6205,526,2677
9164,9239777,3344,6917,2347
1010,3873013,7348,4614,6962
2742,6520543,5270,8647,3032
5449,4627374,6138,6775,3615
2629,4681469,1379,8955,285
3462,8072064,5117,4021,9827
622,2769031,137,4719,5756
143,3706494,4312,5240,546
5711,7561808,4757,9227,4194
7767,7735600,2816,7633,9768
2141,6266672,2449,8343,8071
2796,949754,5903,5772,3068
540,9489726,9991,1889,6770
9020,8103615,4304,247,7729
1561,8235500,6376,8192,9374
9498,4519716,5805,3523,8298
6909,3572148,5257,374,946
6198,7541332,100,8266,4828
6287,9613083,920,1500,3471
5862,220852,3677,3424,9458
7761,6934134,6641,6335,1479
3527,1132336,7963,1479,9926
3768,5650624,6954,8170,7379
7142,1964540,3380,6105,1459
6680,4585295,8463,2310,7816
5607,7930734,7253,6349,8478
7599,90899,7530,464,7677
1518,3312969,1968,9307,4008
7319,7405605,2554,6298,944
3009,2144777,8843,4098,7224
8118,1839538,4260,5375,2827
6647,154500,9494,1428,5857
334,1781120,7672,4235,5827
1039,3866862,1014,5807,1361
2108,4394616,961,1766,8366
8569,5220436,1386,2370,59
7031,7870280,8694,18,6580
6953,8753539,6217,6288,2565
8719,329711,6065,4869,5844
9506,307196,5551,3365,9275
9317,1185399,2367,2506,5454
5133,3454886,1919,3563,4649
57,2419224,6409,4529,7697
3708,7310582,5128,2753,7476
1200,6051377,7419,5297,3029
8076,5141102,5056,7792,2954
6954,3957387,3169,5053,3780
4248,5641670,5296,1602,1471
6353,2158021,1774,5446,8849
540,7633605,2852,4748,8465
1241,9447805,6922,9222,7225
8178,4103137,9836,3822,3097
